1 2 3 4
10 11 12 13 14 15
7 8 9 16 17 18
5 6 19 20
26 27 28 29
24 25 30 31 32 33
21 22 23 34 35 36
43 44 45 46 47 48
40 41 42 49 50 51
37 38 39 52 53 54
61 62 63 64 65 66
58 59 60 67 68 69
55 56 57 70 71 72
73 74 75 82 83 84
76 77 78 79 80 81
85 86 87 94 95 96
88 89 90 91 92 93
97 98 99 106 107 108
100 101 102 103 104 105
109 110 111 118 119 120
112 113 114 115 116 117
121 122 123 130 131 132
124 125 126 127 128 129
133 134 135 142 143 144
136 137 138 139 140 141
145 146 147 154 155 156
148 149 150 151 152 153
157 158 159 166 167 168
160 161 162 163 164 165
169 170 171 178 179 180
172 173 174 175 176 177
181 182 183 190 191 192
184 185 186 187 188 189
193 194 195 202 203 204
196 197 198 199 200 201
205 206 207 214 215 216
208 209 210 211 212 213
217 218 219 226 227 228
220 221 222 223 224 225
229 230 231 238 239 240
232 233 234 235 236 237
309 310 311 312
291 292 293 306 307 308
294 295 296 303 304 305
297 298 299 300 301 302
275 276 277 288 289 290
278 279 280 285 286 287
281 282 283 284
259 260 261 272 273 274
262 263 264 269 270 271
265 266 267 268
241 242 243 256 257 258
244 245 246 253 254 255
247 248 249 250 251 252